# id	left	top	right	bottom	texture_id
[SPRITES]
#DARK BACKGROUND
210000	515	176	595	344	120

#INFO BAR
210001	18	192	246	235	130

#REWARD BOX EMPTY
210002	210	239	246	281	130

#REWARD BOX MUSHROOM
210003	256	239	293	281	130

#REWARD BOX PLANT
210004	303	239	339	281	130

#REWARD BOX STAR
210005	348	239	384	281	130

#WHITE SPEED
210006	96	243	108	254	130
210007	109	243	132	254	130

#BLACK SPEED
210008	138	243	147	254	130
210009	151	243	171	254	130

#ZERO
210010	48	36	43	47	130

#ONE
210011	81	36	90	47	130

#TWO
210012	106	36	119	47	130

#THREE
210013	135	36	147	47	130

#FOUR
210014	162	36	174	47	130

#FIVE
210015	190	36	203	47	130

#SIX
210016	217	36	230	47	130

#SEVEN
210017	243	36	255	47	130

#EIGHT
210018	268	36	281	47	130

#NINE
210019	285	36	308	47	130

# ani_id	sprite1_id	time1	sprite2_id	time2	...
[ANIMATIONS]
#DARK BACKGROUND
22050	210000	100

#INFO BAR
22000	210001	100

#REWARD BOX EMPTY
22001	210002	100

#REWARD BOX MUSHROOM
22002	210003	100

#REWARD BOX PLANT
22003	210004	100

#REWARD BOX STAR
22004	210005	100

#WHITE SPEED
22005	210006	100
22006	210007	100

#BLACK SPEED
22007	210008	100
22008	210009	100

#ZERO
22010	210010	100

#ONE
22011	210011	100

#TWO
22012	210012	100

#THREE
22013	210013	100

#FOUR
22014	210014	100

#FIVE
22015	210015	100

#SIX
22016	210016	100

#SEVEN
22017	210017	100

#EIGHT
22018	210018	100

#NINE
22019	210019	100