# id	left	top	right	bottom	texture_id
[SPRITES]
#Move Right
161100	576	51	591	77	60
161200	560	51	575	77	60

#Move Left
161300	96	51	111	77	50
161400	112	51	127	77	50

#Idle
161500	128	48	143	63	50

#Roll
161600	144	48	159	63	50
161700	160	48	175	63	50
161800	176	48	191	63	50

#Time-out
161900	128	64	143	79	50

# ani_id	sprite1_id	time1	sprite2_id	time2	...
[ANIMATIONS]
#Move Right
17000	161100	100	161200	100

#Move Left
17001	161300	100	161400	100

#Idle
17002	161500	100

#Roll
17003	161500	100	161600	100	161700	100	161800	100

#Time-out
17004	161500	50	161900	50