# id	left	top	right	bottom	texture_id
[SPRITES]
#####  BIG ###############
#IDLE
11121	259	93	272	120	90
11111	249	93	262	120	100

#WALKING RIGHT
11222	240	93	254	120	90
11223	221	93	236	120	90
11224	195	93	215	120	90

#WALKING LEFT
11212	267	93	281	120	100
11213	285	93	300	120	100
11214	306	93	326	120	100

#RUNNING RIGHT
11321	412	93	430	120	90
11322	386	93	404	120	90
11323	360	93	378	120	90

#RUNNING LEFT
11311	91	93	109	120	100
11312	117	93	135	120	100
11313	143	93	161	120	100

#JUMP WALK RIGHT & LEFT
11417	433	93	448	120	90
11413	73	93	88	120	100

#JUMP RUN RIGHT & LEFT
11427	334	93	352	120	90
11423	169	93	187	120	100

#SIT RIGHT & LEFT 
11521	453	102	466	120	90
11511	55	102	68	120	100

#BRACE RIGHT & LEFT 
11621	311	92	326	120	90
11611	195	92	210	120	100

#DIE
13001	199	16	214	32	90

############ SMALL ################
 #IDLE
12121	507	17	518	32	90
12111	3	17	14	32	100

#WALK RIGHT
12222	433	16	448	32	90
12223	487	16	501	32	90

#WALK LEFT
12212	73	16	88	32	100
12213	20	16	34	32	100

#RUN RIGHT
12321	433	16	448	32	90
12322	487	16	501	32	90
12323	451	16	466	32	90

#RUN LEFT
12311	73	16	88	32	100
12312	20	16	34	32	100
12313	55	16	70	32	100

#BRACE RIGHT & LEFT
12511	110	16	123	32	100
12521	398	16	411	32	90

#JUMP WALK RIGHT & LEFT 
12413	37	16	52	32	100
12417	469	16	484	32	90

#JUMP RUN RIGHT & LEFT 
12423	91	16	106	32	100
12427	415	16	430	32	90

# ani_id	sprite1_id	time1	sprite2_id	time2	...
[ANIMATIONS]
400	11121	100
401	11111	100

#WALKING RIGHT & LEFT 
500	11121	100	11224	50	11223	100	11222	100
501	11111	100	11214	50	11213	100	11212	100

#RUNNING RIGHT & LEFT
600	11321	50	11322	50	11323	50
601	11311	50	11312	50	11313	50

#JUMP WALK
700	11417	100
701	11413	100

#JUMP RUN
800	11427	100
801	11423	100

#SIT RIGHT & LEFT 
900	11521	100
901	11511	100

#BRACE RIGHT & LEFT 
1000	11621	100
1001	11611	100

#DIE
999	13001	100

################### SMALL #################
1100	12121	100
1102	12111	100


#WALK LEFT & RIGHT 
1200	12121	100	12222	100	12223	100
1201	12111	100	12212	100	12213	100

#RUN LEFT & RIGHT
1300	12321	100	12322	100	12323	100
1301	12311	100	12312	100	12313	100

#BRACE LEFT & RIGHT
1401	12511	100
1400	12521	100

#JUMP WALK
1500	12417	100
1501	12413	100

#JUMP RUN 
1601	12423	100
1600	12427	100