# id	left	top	right	bottom	texture_id
[SPRITES]
#BACKGROUND
220000	0	0	22	22	160

#SLIME
220001	1	25	25	47	150
220002	27	25	50	47	150
220003	52	25	76	47	150
220004	78	25	101	47	150

#HOUSE
220005	103	25	127	47	150
#LOCK
220006	129	25	152	47	150

#TURTLE
220007	154	25	178	47	150
220008	180	25	203	47	150

#START
220009	1	49	25	73	150

#BRIGDE
220010	27	49	50	73	150

#NODE 1
220011	52	49	76	71	150

#NODE 2
220012	78	49	101	71	150

#NODE 3
220013	103	49	127	71	150

#NODE 4
220014	129	49	152	71	150

#NODE 5
220015	154	49	178	71	150

#NODE 6
220016	180	49	203	71	150

#CASTLE
220020	78	1	101	23	150

#BLADE
220021	180	0	203	22	150

#CASTLE 2
220022	27	12	46	23	160
220023	48	0	71	22	160

#ROCK
220024	168	27	191	47	160

#ROAD HORIZONTAL
220031	48	61	71	70	160

#ROAD VERTICAL
220032	85	48	94	71	160

#ROAD HORIZONTAL WITH NODE
220033	121	12	143	23	160

#ROAD VERTICAL WITH NODE
220034	180	0	191	23	160

#RIVER VERTICAL
220041	1	24	22	47	160
#RIVER HORIZONTAL
220042	24	25	47	47	160
#RIVER HORIZONTAL 2
220043	24	25	70	47	160
#RIVER TOP LEFT
220044	73	25	95	47	160
#RIVER BOT RIGHT
220045	120	24	142	46	160
#RIVER BOT LEFT
220046	145	24	167	47	160

#CROSSLINE VERTICAL
220047	114	48	118	71	160
#CROSSLINE HORIZONTAL
220048	96	84	119	88	160

# ani_id	sprite1_id	time1	sprite2_id	time2	...
[ANIMATIONS]
#BACKGROUND
23000	220000	100

#SLIME
23001	220001	200	220002	200	220003	200	220004	200

#HOUSE
23002	220005	100

#LOCK
23003	220006	100

#TURTLE
23004	220007	100	220008	100

#START
23005	220009	100

#BRIGDE
23006	220010	100

#NODE 1
23011	220011	100

#NODE 2
23012	220012	100

#NODE 3
23013	220013	100

#NODE 4
23014	220014	100

#NODE 5
23015	220015	100

#NODE 6
23016	220016	100

#CASTLE
23017	220020	100

#BLADE
23018	220021	100

#CASTLE 2
23019	220022	100
23020	220023	100

#ROCK
23021	220024	100

#ROAD HORIZONTAL
23022	220031	100

#ROAD VERTICAL
23023	220032	100

#ROAD HORIZONTAL WITH NODE
23024	220033	100

#ROAD VERTICAL WITH NODE
23025	220034	100

#RIVER VERTICAL
23026	220041	100
#RIVER HORIZONTAL
23027	220042	100
#RIVER HORIZONTAL 2
23028	220043	100
#RIVER TOP LEFT
23029	220044	100
#RIVER BOT RIGHT
23030	220045	100
#RIVER BOT LEFT
23031	220046	100

#CROSSLINE VERTICAL
23032	220047	100
#CROSSLINE HORIZONTAL
23033	220048	100