# id	left	top	right	bottom	texture_id
[SPRITES]
111100	128	144	143	175	50
111200	144	144	159	175	50
111300	160	144	175	175	50
111400	176	144	191	175	50

111500	544	144	559	175	60
111600	528	144	543	175	60
111700	512	144	527	175	60
111800	496	144	511	175	60

112100	32	144	47	175	50
112200	48	144	63	175	50
112300	64	144	79	175	50
112400	80	144	95	175	50

112500	640	144	655	175	60
112600	624	144	639	175	60
112700	608	144	623	175	60
112800	592	144	607	175	60

113100	0	144	15	175	50
113200	16	144	31	175	50


# ani_id	sprite1_id	time1	sprite2_id	time2	...
[ANIMATIONS]
12001	111100	300	111200	300
12002	111300	300	111400	300

12003	111600	300	111500	300
12004	111800	300	111700	300

12101	112100	300	112200	300
12102	112300	300	112400	300

12103	112600	300	112500	300
12104	112800	300	112700	300

12200	113100	300	113200	300