# list of object assets to load in this scene
[ASSETS]
mario.txt
brick.txt
coin.txt
goomba.txt
platform.txt
grass.txt
#
[OBJECTS]
# type	x	y	extra_settings per object type
# type: 0 = Mario , 1 = Brick, 2 = Goomba, 3 = Koopas
# See OBJECT_TYPE constants in AssetIDs.h


#GRASS_BACKGROUND
6	25	124	63000
6	25	108	63000
6	25	92	61000

6	41	124	65000
6	41	108	66000
6	41	92	67000
6	41	76	61000

6	57	124	65000
6	57	108	67000
6	57	92	64000
6	57	76	62000

6	73	124	65000
6	73	108	65000
6	73	92	61000

6	89	124	66000
6	89	108	64000
6	89	92	62000

6	105	124	67000
6	105	108	63000
6	105	92	61000

6	121	124	65000
6	121	108	66000
6	121	92	62000

6	137	124	64000
6	137	108	62000

6	171	124	68000
6	187	124	68000
6	203	124	68000

#PLATFORM 1
5 	5	140	16	15	39	51000	52000	53000

#PLATFORM 2
5 	629	124	16	15	29	51000	52000	53000
5	629	140	16	15	29	54000	55000	56000

# MARIO
0	38	125